compute-541-1
compute-541-1
compute-541-1
compute-541-1
compute-541-1
compute-541-1
compute-541-1
compute-541-1
compute-541-1
compute-541-1
compute-541-1
compute-541-1
compute-541-1
compute-541-1
compute-541-1
compute-541-1
compute-541-1
compute-541-1
compute-541-1
compute-541-1
compute-541-1
compute-541-1
compute-541-1
compute-541-1
compute-541-1
compute-541-1
compute-541-1
compute-541-1
compute-541-1
compute-541-1
compute-541-1
compute-541-1


10000000	2
0.056
10000000	4
0.031
10000000	8
0.015
10000000	10
0.012
10000000	12
0.011
10000000	16
0.011
10000000	20
0.011
10000000	32
0.0099


40000000	2
0.21
40000000	4
0.096
40000000	8
0.045
40000000	10
0.036
40000000	12
0.033
40000000	16
0.038
40000000	20
0.041
40000000	32
0.03


100000000	2
0.48
100000000	4
0.21
100000000	8
0.11
100000000	10
0.11
100000000	12
0.094
100000000	16
0.071
100000000	20
0.093
100000000	32
0.07


200000000	2
0.78
200000000	4
0.4
200000000	8
0.23
200000000	10
0.18
200000000	12
0.17
200000000	16
0.18
200000000	20
0.16
200000000	32
0.12


400000000	2
1.6
400000000	4
0.82
400000000	8
0.43
400000000	10
0.37
400000000	12
0.31
400000000	16
0.31
400000000	20
0.3
400000000	32
0.24


10000000	2
0.04
10000000	4
0.022
10000000	8
0.013
10000000	10
0.012
10000000	12
0.0093
10000000	16
0.0075
10000000	20
0.0098
10000000	32
0.0076


40000000	2
0.16
40000000	4
0.08
40000000	8
0.043
40000000	10
0.037
40000000	12
0.034
40000000	16
0.026
40000000	20
0.035
40000000	32
0.028


100000000	2
0.43
100000000	4
0.2
100000000	8
0.13
100000000	10
0.09
100000000	12
0.095
100000000	16
0.071
100000000	20
0.076
100000000	32
0.064


200000000	2
0.77
200000000	4
0.4
200000000	8
0.23
200000000	10
0.19
200000000	12
0.15
200000000	16
0.12
200000000	20
0.15
200000000	32
0.12


400000000	2
1.5
400000000	4
0.86
400000000	8
0.44
400000000	10
0.37
400000000	12
0.31
400000000	16
0.24
400000000	20
0.3
400000000	32
0.24


10000000	2
0.039
10000000	4
0.022
10000000	8
0.013
10000000	10
0.012
10000000	12
0.0094
10000000	16
0.0075
10000000	20
0.01
10000000	32
0.0086


40000000	2
0.16
40000000	4
0.082
40000000	8
0.046
40000000	10
0.038
40000000	12
0.031
40000000	16
0.027
40000000	20
0.034
40000000	32
0.027


100000000	2
0.39
100000000	4
0.2
100000000	8
0.11
100000000	10
0.089
100000000	12
0.092
100000000	16
0.07
100000000	20
0.096
100000000	32
0.068


200000000	2
0.8
200000000	4
0.41
200000000	8
0.22
200000000	10
0.2
200000000	12
0.17
200000000	16
0.13
200000000	20
0.16
200000000	32
0.12


400000000	2
1.6
400000000	4
0.79
400000000	8
0.45
400000000	10
0.38
400000000	12
0.31
400000000	16
0.24
400000000	20
0.32
400000000	32
0.25


10000000	2
0.039
10000000	4
0.022
10000000	8
0.012
10000000	10
0.012
10000000	12
0.0098
10000000	16
0.0076
10000000	20
0.01
10000000	32
0.007


40000000	2
0.16
40000000	4
0.087
40000000	8
0.048
40000000	10
0.039
40000000	12
0.033
40000000	16
0.026
40000000	20
0.035
40000000	32
0.027


100000000	2
0.39
100000000	4
0.21
100000000	8
0.11
100000000	10
0.09
100000000	12
0.077
100000000	16
0.086
100000000	20
0.082
100000000	32
0.055


200000000	2
0.76
200000000	4
0.41
200000000	8
0.23
200000000	10
0.19
200000000	12
0.16
200000000	16
0.13
200000000	20
0.17
200000000	32
0.13


400000000	2
1.5
400000000	4
0.8
400000000	8
0.43
400000000	10
0.36
400000000	12
0.32
400000000	16
0.27
400000000	20
0.3
400000000	32
0.23


10000000	2
0.04
10000000	4
0.022
10000000	8
0.014
10000000	10
0.011
10000000	12
0.0087
10000000	16
0.011
10000000	20
0.0096
10000000	32
0.0075


40000000	2
0.16
40000000	4
0.087
40000000	8
0.047
40000000	10
0.039
40000000	12
0.033
40000000	16
0.04
40000000	20
0.033
40000000	32
0.026


100000000	2
0.39
100000000	4
0.22
100000000	8
0.11
100000000	10
0.087
100000000	12
0.077
100000000	16
0.071
100000000	20
0.097
100000000	32
0.065


200000000	2
0.79
200000000	4
0.42
200000000	8
0.24
200000000	10
0.19
200000000	12
0.15
200000000	16
0.13
200000000	20
0.18
200000000	32
0.11


400000000	2
1.5
400000000	4
0.82
400000000	8
0.46
400000000	10
0.35
400000000	12
0.32
400000000	16
0.35
400000000	20
0.32
400000000	32
0.24
