
100/ 2 	0,00016
500/ 2 	0,00083
1000/ 2 	0,0035
5000/ 2 	0,069
10000/ 2 	0,18
50000/ 2 	7,5
100000/ 2 	 17
200000/ 2 	 90
100/ 4 	0,00032
500/ 4 	0,0018
1000/ 4 	0,0043
5000/ 4 	0,071
10000/ 4 	0,28
50000/ 4 	6,7
100000/ 4 	 27
200000/ 4 	1,1e+02
100/ 6 	0,00032
500/ 6 	0,0018
1000/ 6 	0,0047
5000/ 6 	0,073
10000/ 6 	0,27
50000/ 6 	6,6
100000/ 6 	 26
200000/ 6 	1,2e+02
100/ 8 	0,00036
500/ 8 	0,0019
1000/ 8 	0,0054
5000/ 8 	0,068
10000/ 8 	0,25
50000/ 8 	6,5
100000/ 8 	 24
200000/ 8 	 90
100/ 10 	0,00069
500/ 10 	0,003
1000/ 10 	0,0086
5000/ 10 	0,067
10000/ 10 	0,22
50000/ 10 	6,4
100000/ 10 	 14
200000/ 10 	 67
100/ 14 	0,00062
500/ 14 	0,0022
1000/ 14 	0,0047
5000/ 14 	0,062
10000/ 14 	0,18
50000/ 14 	3,2
100000/ 14 	 13
200000/ 14 	 56
100/ 16 	0,00058
500/ 16 	0,002
1000/ 16 	0,005
5000/ 16 	0,05
10000/ 16 	0,16
50000/ 16 	  3
100000/ 16 	 11
200000/ 16 	 44
100/ 20 	0,00079
500/ 20 	0,0021
1000/ 20 	0,0048
5000/ 20 	0,044
10000/ 20 	0,14
50000/ 20 	2,4
100000/ 20 	9,9
200000/ 20 	 42
100/ 30 	0,0012
500/ 30 	0,0026
1000/ 30 	0,0047
5000/ 30 	0,041
10000/ 30 	0,11
50000/ 30 	2,3
100000/ 30 	7,9
200000/ 30 	 31
100/ 40 	0,0065
500/ 40 	0,0079
1000/ 40 	0,016
5000/ 40 	0,036
10000/ 40 	0,13
50000/ 40 	1,9
100000/ 40 	7,5
200000/ 40 	 21
